trailNum, meanOfTrial
1,3.2
2,3.3
3,2.8
4,3.7
5,2.2
6,3.2
7,3.6
8,2.5
9,3.5
10,3.5
11,2.4
12,3.7
13,4.2
14,2.6
15,3.7
16,3
17,3.6
18,3.4
19,3.8
20,3.5
21,3.4
22,3.8
23,3.5
24,3.5
25,3.8
26,3.2
27,3
28,3.5
29,4.3
30,3.4
31,3.6
32,4.4
33,4.3
34,3.6
35,4
36,2.2
37,4.4
38,3.9
39,2.9
40,3.8
41,2.6
42,3.3
43,3.6
44,3.1
45,3.2
46,2.8
47,3.1
48,2.9
49,3.8
50,3
51,3.1
52,3.9
53,3.3
54,3.4
55,4.4
56,4
57,3.5
58,4
59,3.6
60,5
61,3
62,3
63,3.5
64,3.8
65,3.9
66,3.9
67,3.8
68,3.5
69,3.5
70,4.3
71,3.9
72,3.7
73,3.2
74,3.3
75,4.2
76,3.3
77,3.5
78,4.2
79,2.3
80,3.6
81,3.4
82,3.9
83,3.7
84,4.4
85,3.4
86,3
87,2.7
88,3.7
89,3.7
90,3.1
91,3.1
92,4.5
93,4
94,2.6
95,3.8
96,3.6
97,2.8
98,3.5
99,3.6
100,3.2
101,3.9
102,2.2
103,3.1
104,4.1
105,3.9
106,2.6
107,3.3
108,3.4
109,3.6
110,3.7
111,3
112,4.1
113,3.7
114,3.6
115,4.7
116,3.8
117,3.2
118,3.8
119,3.2
120,2.9
121,3.6
122,2.4
123,2.5
124,3.2
125,3.3
126,4.1
127,4.1
128,4.1
129,3.8
130,3.9
131,2.8
132,4
133,3.3
134,2.7
135,3.6
136,4.3
137,4.3
138,2.8
139,3.7
140,4.1
141,3.7
142,4.5
143,3.7
144,3.6
145,2.8
146,4.6
147,4
148,3.9
149,4.1
150,3.4
151,4.1
152,2.9
153,3.8
154,3.5
155,3.8
156,3.2
157,3.1
158,3.4
159,3
160,3.1
161,3
162,3.8
163,3.8
164,4.2
165,3.3
166,3.7
167,3.6
168,3.5
169,3.3
170,4.5
171,3
172,3.8
173,3.2
174,3.4
175,3.5
176,3.2
177,3.6
178,3.4
179,3.8
180,3.1
181,3.8
182,4.3
183,3.3
184,3.2
185,4.1
186,2.2
187,4.4
188,3.4
189,3.1
190,3.7
191,2.3
192,2.9
193,3.1
194,3.7
195,3.7
196,5
197,3.2
198,3.9
199,4.1
200,3.3
201,3.5
202,3.9
203,4
204,4.5
205,4.4
206,3.1
207,2.9
208,3.1
209,3.7
210,4.1
211,3.1
212,3.5
213,3.7
214,2.6
215,3.8
216,2.8
217,3.1
218,4
219,3.4
220,4.1
221,4
222,4.3
223,3.6
224,2.8
225,2.5
226,4.3
227,3.8
228,4.2
229,3.5
230,3.1
231,4.1
232,3.6
233,4.2
234,4.4
235,2.9
236,3.9
237,3.2
238,3.7
239,3.8
240,3.4
241,3.2
242,3.1
243,3.3
244,3.5
245,4.2
246,3.9
247,3
248,2.4
249,3
250,3.9
251,4.5
252,3.6
253,2.6
254,2.9
255,4.1
256,3.7
257,3.8
258,4
259,3.6
260,3.4
261,4.3
262,3.2
263,3.4
264,3.6
265,3.5
266,3.3
267,3.4
268,2.9
269,3.4
270,3.4
271,3.4
272,2.5
273,3.3
274,2.8
275,2.9
276,4
277,3.7
278,3.6
279,3.6
280,2.7
281,3.3
282,3.3
283,3.3
284,1.9
285,3.5
286,2.8
287,2.6
288,4.6
289,1.9
290,3.1
291,3.5
292,2.8
293,3.1
294,2.6
295,3.5
296,3.5
297,3.9
298,5.1
299,3.9
300,4.2
301,4.4
302,3
303,3.1
304,3.8
305,3.8
306,3.5
307,3.6
308,3.4
309,4
310,3.2
311,2.7
312,3.4
313,4.1
314,2.9
315,3.5
316,3.5
317,3.3
318,2.9
319,3.3
320,2.9
321,4
322,3.9
323,3.7
324,3.6
325,3.9
326,3.9
327,3.4
328,3.2
329,3.4
330,2.7
331,3.7
332,3.8
333,3.1
334,3.5
335,3.8
336,2.5
337,3.1
338,3.1
339,3.3
340,3.1
341,3.6
342,3.1
343,3.4
344,3.1
345,2.9
346,3.8
347,3.1
348,2.5
349,1.8
350,3.6
351,3.1
352,4.2
353,3.6
354,4.1
355,3.6
356,3.6
357,3.8
358,3.8
359,3.2
360,3.5
361,2.8
362,3.5
363,3.5
364,3.3
365,4.2
366,4
367,3.2
368,3.2
369,3.7
370,3.1
371,3.8
372,3
373,3.6
374,3.9
375,3.6
376,3.3
377,3
378,3.9
379,3.1
380,3
381,3.7
382,4.1
383,3.4
384,3.3
385,3.1
386,3.4
387,2.7
388,2.8
389,4
390,3.5
391,3.8
392,4.9
393,4
394,3
395,3.6
396,3.3
397,4.2
398,2.8
399,3.5
400,3.5
401,3.4
402,4.2
403,2.6
404,3.3
405,3
406,4.1
407,3.9
408,3.2
409,3.5
410,2.8
411,3.2
412,3.5
413,4.4
414,3.2
415,4.1
416,2.8
417,4.3
418,3.8
419,2.6
420,3.5
421,3.6
422,3.5
423,2.9
424,4.6
425,2.6
426,3.1
427,3.7
428,3
429,3
430,3.8
431,4.1
432,3.8
433,2.3
434,2.8
435,3.6
436,3
437,3.5
438,4
439,3
440,3.5
441,3.2
442,3.3
443,3.5
444,4.5
445,4.1
446,2.9
447,3.8
448,4
449,3.9
450,3.1
451,3.2
452,3.2
453,4.1
454,2.5
455,4.3
456,4.8
457,3.7
458,3.8
459,2.7
460,3.7
461,4.2
462,2.5
463,3.6
464,3.6
465,3.1
466,3.8
467,2.5
468,3.2
469,3.8
470,3.4
471,3.1
472,2.6
473,3.7
474,4.2
475,3.8
476,3.1
477,2.9
478,3.7
479,3.8
480,3.3
481,3.8
482,3.2
483,3.5
484,3.3
485,3.4
486,2.8
487,4
488,4.9
489,2.3
490,2.7
491,3.4
492,3.2
493,3.8
494,3.4
495,3.3
496,3.5
497,3
498,3.3
499,3.9
500,3.5
501,4.1
502,3.4
503,3
504,2.5
505,3.7
506,2.9
507,4
508,4.1
509,4.4
510,2.9
511,3.6
512,3.1
513,3.7
514,2
515,4
516,3.2
517,2.5
518,3.8
519,5.5
520,3.9
521,3
522,3.3
523,4.1
524,2.6
525,3.9
526,4.5
527,3.9
528,3.6
529,4.3
530,4.3
531,3.6
532,2.7
533,3.7
534,2.6
535,2.7
536,2.8
537,3.5
538,3.6
539,3.5
540,3.2
541,3.6
542,3.3
543,4.3
544,3.8
545,4
546,3.9
547,3.4
548,3.1
549,3.2
550,2.7
551,3
552,3.2
553,2.8
554,2.3
555,3.5
556,3.1
557,3.2
558,3.3
559,3.6
560,3.9
561,3.7
562,4.3
563,2.9
564,4.3
565,3.5
566,4.3
567,3.5
568,3.9
569,3.7
570,2.8
571,4.2
572,3.9
573,4
574,2.2
575,3.1
576,3.4
577,3.9
578,2.8
579,4.1
580,3.6
581,3.8
582,3.6
583,3.2
584,3.5
585,3.7
586,2.6
587,3.6
588,2.5
589,3.5
590,2.8
591,4
592,2.7
593,3.7
594,2.6
595,3.9
596,3.4
597,3.2
598,3.6
599,2.8
600,4.6
601,3.2
602,3.3
603,4.1
604,3.2
605,2.8
606,4.3
607,2.7
608,3.5
609,3.3
610,2.8
611,3.1
612,3.9
613,3
614,3.1
615,3.8
616,3.7
617,3.6
618,3.5
619,3.4
620,3.2
621,4.1
622,4.1
623,4.1
624,2.9
625,3.5
626,3.4
627,3.3
628,3.3
629,3.5
630,4.4
631,3.5
632,4.2
633,3
634,3.7
635,2.9
636,3.5
637,3.3
638,3.1
639,3.4
640,4
641,3.5
642,2.9
643,3.4
644,2.7
645,4.3
646,4.3
647,4.5
648,3.1
649,3.9
650,4.4
651,3.6
652,4.3
653,3.6
654,2.7
655,4.4
656,3.9
657,2.6
658,4.3
659,3.6
660,3.6
661,2.5
662,3.2
663,3
664,3.6
665,2.6
666,3.4
667,2.7
668,3.2
669,3.8
670,3.8
671,4.1
672,3.3
673,3.5
674,5.1
675,3.9
676,3.4
677,2.4
678,3.6
679,3.3
680,3.6
681,3.8
682,2.8
683,3.5
684,4.2
685,3.1
686,3.4
687,4.4
688,3.9
689,4.5
690,2.9
691,4.3
692,3.7
693,3.7
694,3.6
695,3.4
696,4.4
697,3.9
698,3.4
699,4.9
700,3.7
701,2.4
702,4
703,4.2
704,3.7
705,2.6
706,4.1
707,3.8
708,4
709,3.4
710,3.5
711,3.9
712,4.1
713,3.6
714,2.5
715,3.5
716,2.6
717,2.3
718,3.8
719,3.1
720,3.3
721,3.7
722,3.7
723,4.2
724,3.3
725,4.1
726,4
727,4
728,3.3
729,3.9
730,2.7
731,3.6
732,3.2
733,3.1
734,3.9
735,3.1
736,2.7
737,4.6
738,3.6
739,3.3
740,2.9
741,3.4
742,2.7
743,3.5
744,4
745,3.4
746,4.1
747,3
748,3.4
749,4.6
750,3.7
751,3.3
752,3.1
753,3.6
754,3.1
755,3.5
756,3.4
757,3.2
758,2.8
759,2.7
760,3.6
761,3.6
762,3.7
763,2.9
764,3.1
765,4.3
766,3.2
767,3.7
768,4.4
769,2.9
770,3
771,3.2
772,3.9
773,3.6
774,2.2
775,3.3
776,4.4
777,3.1
778,3.8
779,2.7
780,2.8
781,3.4
782,3.7
783,2.2
784,3.7
785,3
786,3.2
787,3.6
788,4
789,3.9
790,3
791,3.3
792,3
793,3.9
794,3.7
795,3.9
796,3.4
797,3.1
798,3.3
799,3.6
800,3.1
801,2
802,3.4
803,3.7
804,3.3
805,2.7
806,3.5
807,3.3
808,3.2
809,3
810,3.5
811,2.8
812,3.7
813,4.1
814,3.4
815,3.8
816,3.1
817,4.4
818,2.7
819,4.1
820,2.7
821,3.4
822,4.5
823,3.7
824,3.8
825,3.8
826,3.3
827,4.4
828,4.2
829,3.5
830,4.1
831,3.4
832,3.5
833,3.8
834,3.7
835,2.8
836,2.9
837,3.2
838,3.5
839,4
840,3.3
841,2.9
842,2.7
843,2.9
844,3.5
845,3.7
846,4.3
847,3.2
848,2.7
849,3.5
850,2.3
851,4.2
852,3.3
853,3.7
854,3.6
855,2.4
856,3.5
857,3.8
858,3.3
859,3.8
860,3.2
861,4.4
862,3.3
863,4.2
864,3.4
865,3.9
866,4.5
867,2.8
868,3.2
869,3.6
870,3.3
871,3.8
872,3.2
873,3.1
874,2
875,3.9
876,2.9
877,3.1
878,3.7
879,3.6
880,3.3
881,3.6
882,2.7
883,2.8
884,3.7
885,3.3
886,3.6
887,2.4
888,3.4
889,4.9
890,2.6
891,3
892,3.6
893,3.4
894,2.7
895,3.3
896,4.1
897,3.9
898,3.9
899,4.3
900,4.3
901,3.4
902,3.8
903,3.9
904,3.7
905,4.5
906,4
907,3.9
908,3.6
909,3.7
910,4.2
911,4
912,3.6
913,4
914,4.1
915,3.7
916,3.1
917,3.5
918,3.6
919,3.6
920,4.2
921,2.7
922,3.7
923,4.5
924,2.9
925,2.8
926,3.5
927,3.6
928,3.2
929,3.3
930,4
931,4
932,2.7
933,3
934,4
935,3.7
936,2.9
937,3.8
938,2.7
939,2.6
940,2.7
941,2.5
942,2.9
943,4.1
944,4.1
945,3.8
946,3.6
947,2.9
948,3.4
949,3.9
950,3.4
951,3.7
952,2.7
953,3.5
954,3.4
955,3.9
956,4.1
957,3
958,2.2
959,4.6
960,4.5
961,4.3
962,3.3
963,2.3
964,4.3
965,3.8
966,3.6
967,2.9
968,4.5
969,3.3
970,3.5
971,2.1
972,3
973,3.2
974,3.2
975,4.9
976,3.2
977,3.9
978,3.2
979,3.6
980,4.3
981,3.2
982,3.8
983,3.8
984,2.3
985,3.9
986,2.7
987,3.9
988,4
989,3.5
990,3.8
991,4.3
992,3.7
993,3.3
994,5
995,4.1
996,3.2
997,3.4
998,4.2
999,3
1000,2.3
