trailNum, meanOfTrial
1,2.5
2,3
3,4.5
4,4
5,3
6,3
7,3
8,4.5
9,4
10,3.5
11,4
12,4.5
13,1.5
14,3.5
15,3.5
16,2.5
17,3.5
18,3.5
19,5.5
20,4.5
21,5
22,3.5
23,2.5
24,3.5
25,1.5
26,1.5
27,4
28,4
29,3.5
30,3
31,3
32,3.5
33,5
34,2
35,3
36,4.5
37,4.5
38,4.5
39,3
40,1.5
41,5
42,2
43,3.5
44,3.5
45,4.5
46,1
47,5
48,4
49,5
50,4
51,4
52,2.5
53,3.5
54,4.5
55,4.5
56,5
57,6
58,4.5
59,2.5
60,4
61,2.5
62,4.5
63,3
64,4
65,1.5
66,3
67,3.5
68,4.5
69,1.5
70,2.5
71,3.5
72,3.5
73,1.5
74,4
75,4.5
76,4
77,4.5
78,3.5
79,5
80,3.5
81,2
82,3
83,3
84,3
85,3.5
86,5
87,6
88,3
89,3
90,2.5
91,5
92,3.5
93,2
94,5.5
95,4.5
96,5
97,2.5
98,1
99,3.5
100,1
101,4.5
102,2.5
103,3.5
104,3.5
105,3.5
106,5
107,5
108,3
109,5.5
110,3
111,4
112,3.5
113,2
114,3.5
115,3.5
116,3
117,2
118,4
119,5
120,2.5
121,2
122,5
123,1
124,5
125,3.5
126,2
127,3
128,3.5
129,2
130,1.5
131,2.5
132,5
133,5.5
134,2
135,5.5
136,3.5
137,4
138,1.5
139,5
140,2
141,3.5
142,5.5
143,2.5
144,3.5
145,2.5
146,1
147,5
148,4
149,2.5
150,3
151,3
152,4
153,4.5
154,2
155,1.5
156,4.5
157,4
158,3.5
159,4.5
160,6
161,2
162,4
163,3.5
164,3
165,4.5
166,3.5
167,3.5
168,3.5
169,4.5
170,3.5
171,4.5
172,3
173,4.5
174,3.5
175,2.5
176,3
177,4.5
178,2.5
179,3.5
180,4
181,3
182,1
183,5.5
184,1.5
185,3.5
186,3
187,4.5
188,4
189,3.5
190,3
191,3
192,4.5
193,3.5
194,4.5
195,2.5
196,2.5
197,4
198,5.5
199,1
200,3
201,2.5
202,2.5
203,1.5
204,2.5
205,5
206,4
207,3
208,4
209,6
210,4
211,2
212,6
213,2.5
214,3
215,2.5
216,3.5
217,1
218,4
219,5.5
220,4.5
221,4
222,3
223,3.5
224,3
225,3.5
226,3.5
227,5
228,4
229,4.5
230,2
231,3.5
232,4
233,5
234,1.5
235,2
236,3
237,6
238,1.5
239,3.5
240,2.5
241,4.5
242,1.5
243,4
244,1.5
245,2.5
246,3
247,2.5
248,1.5
249,1.5
250,2.5
251,4.5
252,2
253,6
254,4
255,3.5
256,3
257,3
258,3.5
259,4
260,3
261,1.5
262,4
263,2
264,5
265,5.5
266,3
267,2
268,3.5
269,5.5
270,4.5
271,3.5
272,3
273,1.5
274,3.5
275,3.5
276,4.5
277,5.5
278,3
279,4
280,2
281,2
282,3.5
283,4.5
284,4.5
285,3
286,4
287,5.5
288,3
289,2.5
290,4
291,3.5
292,3.5
293,3.5
294,4.5
295,3
296,3
297,4
298,3
299,4.5
300,3
301,1.5
302,2
303,2
304,2.5
305,5.5
306,4
307,3.5
308,1
309,4.5
310,5
311,2
312,4
313,5.5
314,4.5
315,3
316,5.5
317,3.5
318,5.5
319,3
320,4
321,4.5
322,5.5
323,1
324,3.5
325,4.5
326,4
327,3
328,5
329,3.5
330,3
331,4.5
332,5
333,5.5
334,3
335,3
336,3
337,3
338,1
339,3.5
340,4.5
341,4.5
342,4
343,2.5
344,4.5
345,2.5
346,4
347,4
348,3
349,5
350,1.5
351,2.5
352,3.5
353,3
354,5.5
355,3.5
356,2
357,3.5
358,4
359,2
360,4.5
361,3.5
362,4
363,6
364,5.5
365,4
366,4.5
367,2.5
368,2.5
369,4
370,3
371,2
372,4
373,3.5
374,5.5
375,5
376,2.5
377,3.5
378,4
379,4.5
380,3
381,2.5
382,4.5
383,3.5
384,3
385,4
386,1
387,5
388,3
389,2.5
390,2
391,3.5
392,3.5
393,5.5
394,1
395,4
396,3.5
397,3.5
398,3
399,2
400,2.5
401,4
402,3.5
403,1.5
404,2
405,3
406,4
407,4.5
408,3.5
409,4
410,3.5
411,4
412,4
413,6
414,4
415,2.5
416,4.5
417,1.5
418,3
419,3.5
420,3.5
421,4
422,3.5
423,2.5
424,5
425,4.5
426,5.5
427,2.5
428,1.5
429,5
430,2.5
431,1.5
432,3.5
433,3.5
434,3
435,4
436,4.5
437,3.5
438,5.5
439,3
440,5.5
441,6
442,2
443,5
444,2.5
445,3.5
446,5
447,4
448,4
449,5.5
450,3.5
451,2.5
452,4
453,2.5
454,5.5
455,4
456,4
457,4
458,1.5
459,3.5
460,3
461,5.5
462,4
463,2
464,3
465,6
466,4.5
467,4.5
468,4
469,5
470,4
471,4.5
472,3.5
473,4
474,2.5
475,2.5
476,4
477,5.5
478,5.5
479,1.5
480,3
481,5
482,1.5
483,2.5
484,2
485,4
486,2
487,3
488,5.5
489,3
490,5.5
491,5.5
492,2.5
493,3.5
494,5.5
495,4
496,4
497,3
498,4
499,3
500,2.5
501,3
502,2
503,2.5
504,4.5
505,2.5
506,3.5
507,2.5
508,4.5
509,2.5
510,3
511,3.5
512,3
513,4.5
514,4.5
515,3.5
516,5
517,2
518,3
519,4
520,4
521,1
522,2
523,1.5
524,5.5
525,5.5
526,4.5
527,4.5
528,5.5
529,4
530,3
531,4.5
532,3.5
533,6
534,1.5
535,3
536,3.5
537,2.5
538,3.5
539,4
540,3.5
541,3.5
542,3.5
543,3.5
544,3.5
545,5
546,6
547,3.5
548,4
549,6
550,3
551,2.5
552,3
553,3.5
554,3
555,1
556,3.5
557,2.5
558,4.5
559,4.5
560,3
561,2
562,4
563,4.5
564,6
565,3.5
566,5
567,4
568,2.5
569,3.5
570,3
571,3.5
572,2
573,4.5
574,4
575,5
576,4
577,4
578,2.5
579,1.5
580,3
581,3
582,1.5
583,3.5
584,4
585,2.5
586,5
587,3
588,4.5
589,4.5
590,3.5
591,5
592,1.5
593,4
594,3.5
595,4.5
596,5
597,3.5
598,3.5
599,3.5
600,3.5
601,3.5
602,5.5
603,3
604,4
605,2
606,4.5
607,2
608,2
609,2
610,1
611,3
612,1
613,3
614,6
615,2
616,4
617,5.5
618,2
619,4
620,4
621,5
622,5
623,2.5
624,2.5
625,3.5
626,3.5
627,3.5
628,2.5
629,3
630,3.5
631,3.5
632,4
633,3.5
634,3.5
635,2.5
636,2
637,1.5
638,1
639,2.5
640,2.5
641,3
642,2.5
643,4
644,4
645,2.5
646,4
647,4
648,4.5
649,1.5
650,4
651,4
652,2.5
653,3
654,2.5
655,3.5
656,4
657,3
658,3
659,1.5
660,3.5
661,2
662,5.5
663,3.5
664,5
665,3.5
666,4
667,5
668,5
669,3.5
670,3.5
671,1.5
672,4.5
673,5
674,4
675,3
676,3.5
677,2.5
678,4.5
679,4.5
680,4.5
681,1
682,5.5
683,2
684,3
685,6
686,3
687,5
688,3
689,3.5
690,3
691,5
692,5
693,3
694,3
695,3
696,4
697,2.5
698,2.5
699,2.5
700,3.5
701,4.5
702,2.5
703,3
704,4
705,4.5
706,1.5
707,4
708,3
709,5
710,5
711,2.5
712,4
713,2
714,1.5
715,5
716,2
717,5.5
718,4.5
719,2.5
720,5.5
721,5
722,5
723,6
724,5.5
725,5.5
726,3.5
727,2
728,2
729,5.5
730,3
731,4
732,2.5
733,3.5
734,2
735,4.5
736,4
737,3
738,5
739,1.5
740,5
741,1.5
742,5
743,3
744,3
745,4.5
746,1.5
747,1.5
748,3
749,4.5
750,4
751,4.5
752,3
753,4
754,5.5
755,4
756,3.5
757,5
758,2.5
759,1
760,2.5
761,4
762,6
763,3
764,3.5
765,2.5
766,2
767,3.5
768,2.5
769,3.5
770,2.5
771,5
772,3
773,3.5
774,3.5
775,3.5
776,4
777,4
778,4
779,4
780,2.5
781,5
782,4.5
783,2.5
784,3.5
785,3.5
786,4
787,2.5
788,4
789,3.5
790,3
791,4
792,3
793,4
794,3
795,3
796,3
797,4.5
798,5
799,3
800,6
801,5
802,4.5
803,3.5
804,3
805,5.5
806,2
807,4.5
808,5.5
809,3
810,4
811,4
812,3.5
813,4
814,4
815,4
816,3
817,5
818,3
819,4
820,3.5
821,3
822,5.5
823,4
824,3.5
825,4
826,3
827,2
828,4.5
829,6
830,2
831,5.5
832,4
833,1.5
834,4
835,4
836,3
837,1.5
838,1.5
839,2
840,5.5
841,5
842,2
843,4
844,3.5
845,3
846,3.5
847,3.5
848,4.5
849,2
850,2.5
851,5.5
852,3
853,3
854,4
855,4
856,4.5
857,4.5
858,2
859,3.5
860,5
861,3.5
862,5
863,4
864,3
865,6
866,3.5
867,4
868,3
869,4.5
870,3.5
871,3.5
872,2
873,3.5
874,3
875,4.5
876,3
877,4.5
878,4
879,4
880,5
881,2.5
882,2.5
883,3.5
884,4.5
885,2.5
886,2.5
887,2.5
888,3
889,4.5
890,4.5
891,4
892,3.5
893,3.5
894,3
895,4.5
896,4
897,2
898,1.5
899,5
900,5
901,4
902,5.5
903,3
904,5.5
905,4.5
906,3
907,5.5
908,3
909,2
910,2.5
911,2.5
912,2
913,4.5
914,3.5
915,4.5
916,3.5
917,3.5
918,3
919,1
920,1
921,2.5
922,2.5
923,4.5
924,4.5
925,4.5
926,4.5
927,1.5
928,3.5
929,4
930,5
931,3
932,4
933,2.5
934,4.5
935,3
936,1.5
937,3
938,6
939,4.5
940,2
941,2.5
942,3
943,1.5
944,4.5
945,3
946,5
947,2.5
948,2
949,3
950,2.5
951,3
952,2
953,5.5
954,6
955,3.5
956,3.5
957,5.5
958,4.5
959,4
960,3
961,3
962,4
963,4.5
964,4
965,3.5
966,2.5
967,1.5
968,3
969,1.5
970,3.5
971,4
972,2.5
973,3
974,3.5
975,2.5
976,5.5
977,2.5
978,5
979,5
980,3.5
981,2
982,5.5
983,4.5
984,4
985,3.5
986,3.5
987,1.5
988,3.5
989,5
990,3
991,4
992,6
993,2.5
994,5
995,3
996,5
997,4.5
998,5
999,3
1000,2.5
