trailNum, meanOfTrial
1,3.8
2,2.96667
3,3.13333
4,3.86667
5,3.76667
6,3.36667
7,3.56667
8,3.26667
9,3.56667
10,3.26667
11,3.66667
12,3.63333
13,3.83333
14,3.06667
15,3.6
16,3.66667
17,2.96667
18,3.46667
19,3.1
20,3.86667
21,3.53333
22,3.63333
23,3.26667
24,3.06667
25,3.66667
26,3.76667
27,3.33333
28,3.33333
29,3.46667
30,3.53333
31,3.23333
32,3.63333
33,3.13333
34,3.63333
35,3.4
36,3.73333
37,3.3
38,3.93333
39,2.93333
40,3.7
41,3.9
42,3.96667
43,3.06667
44,3.33333
45,3.7
46,4.06667
47,3.3
48,3.26667
49,3.3
50,2.86667
51,3.66667
52,3.2
53,3.4
54,3.53333
55,3.66667
56,3.6
57,3.23333
58,3.36667
59,3.73333
60,3.36667
61,3.9
62,3.6
63,3.56667
64,4
65,3.56667
66,3.06667
67,3.53333
68,3.56667
69,3.33333
70,3.46667
71,3.63333
72,3.53333
73,3.23333
74,4.03333
75,3.8
76,2.8
77,3.5
78,2.7
79,3.73333
80,3.63333
81,2.93333
82,3.4
83,3.26667
84,3.83333
85,3.53333
86,3.56667
87,3.73333
88,3.8
89,3.23333
90,3.33333
91,3.7
92,3.16667
93,3.76667
94,4.03333
95,3.5
96,3.3
97,4.26667
98,3.63333
99,3.66667
100,3.53333
101,4.13333
102,3.46667
103,3.86667
104,3.5
105,3.3
106,3.4
107,3.46667
108,3.63333
109,3.7
110,3.53333
111,3.83333
112,3.13333
113,3.63333
114,3.66667
115,3.93333
116,3.06667
117,3.53333
118,3.1
119,3.23333
120,3.3
121,3.46667
122,3.3
123,3.63333
124,3.76667
125,3.7
126,3.63333
127,3.03333
128,3.23333
129,3.46667
130,3.3
131,3.46667
132,4.06667
133,3.63333
134,3.53333
135,3.13333
136,3.6
137,3.63333
138,3.63333
139,3.33333
140,3.9
141,3.96667
142,3.86667
143,3.06667
144,3.63333
145,3.6
146,3.2
147,3.06667
148,3.63333
149,4.3
150,3.16667
151,3.13333
152,2.9
153,3.6
154,3.5
155,2.96667
156,3.43333
157,3.3
158,3.4
159,3.4
160,3.43333
161,3.93333
162,3.2
163,4.06667
164,3.76667
165,3.23333
166,3.83333
167,2.8
168,3.83333
169,3.4
170,3.36667
171,3.23333
172,3.26667
173,3.3
174,3.73333
175,3.16667
176,3.3
177,4.1
178,3.53333
179,3.7
180,3.5
181,3.7
182,3.96667
183,3.43333
184,3.53333
185,3.16667
186,3.56667
187,3.56667
188,4.1
189,3.86667
190,3.46667
191,4.06667
192,3.4
193,3.76667
194,3.66667
195,3.06667
196,2.63333
197,3.46667
198,3.4
199,3.36667
200,2.76667
201,3.76667
202,3.36667
203,4.06667
204,3.36667
205,3.73333
206,3.73333
207,3.5
208,3.36667
209,3.63333
210,3.1
211,3.03333
212,3.23333
213,3.46667
214,3.9
215,3.6
216,3.43333
217,3.2
218,3.73333
219,3.3
220,2.93333
221,3.76667
222,3.23333
223,4.03333
224,3.9
225,3.36667
226,3.26667
227,4.23333
228,3.5
229,3.4
230,3.4
231,3.2
232,4.16667
233,3.53333
234,3.33333
235,3.8
236,3.46667
237,4.33333
238,3.4
239,3.63333
240,3
241,3.3
242,3.4
243,3.36667
244,3.63333
245,2.9
246,3.43333
247,3.7
248,3.63333
249,3.6
250,3.66667
251,3.53333
252,3.33333
253,3.5
254,3.4
255,3.2
256,4.26667
257,3.46667
258,3.53333
259,3.1
260,4.13333
261,3.73333
262,3.46667
263,3.2
264,2.86667
265,3.66667
266,3.56667
267,3.4
268,3.46667
269,3.8
270,3.5
271,3.26667
272,3.43333
273,3.36667
274,3.1
275,3.2
276,3.3
277,3.13333
278,3.76667
279,3.3
280,3.83333
281,3.36667
282,3.96667
283,2.96667
284,3.06667
285,3.56667
286,3.46667
287,4.1
288,2.8
289,3.46667
290,3.76667
291,3.46667
292,3.86667
293,3.7
294,3.23333
295,3.56667
296,3.46667
297,3.6
298,3.86667
299,3.2
300,3.26667
301,3.1
302,4
303,3.23333
304,3.26667
305,3.4
306,3.63333
307,3.73333
308,3.3
309,3.63333
310,3.5
311,3.4
312,2.93333
313,3.83333
314,3.8
315,2.96667
316,3.66667
317,3.33333
318,3.03333
319,3.43333
320,4.13333
321,3.4
322,3.23333
323,3.56667
324,3.16667
325,4
326,3.36667
327,2.83333
328,3.8
329,3.5
330,3.73333
331,3.53333
332,3.6
333,4.13333
334,3.53333
335,3.56667
336,3.63333
337,3.53333
338,3.3
339,3.63333
340,3.33333
341,3.2
342,3.86667
343,3.66667
344,3.3
345,3.43333
346,3.73333
347,3.16667
348,3.46667
349,3.16667
350,3.06667
351,3.36667
352,3.76667
353,3.3
354,3.1
355,2.8
356,3.2
357,3.5
358,3.2
359,3.83333
360,3.76667
361,3.6
362,3.63333
363,3.43333
364,3.56667
365,3
366,2.93333
367,3.13333
368,3.13333
369,3.6
370,3.3
371,3.66667
372,3.6
373,3.4
374,2.9
375,3.7
376,2.9
377,3.5
378,3.43333
379,3.8
380,4.23333
381,3.53333
382,3.33333
383,3.26667
384,3.26667
385,3.8
386,3.8
387,3.5
388,3.4
389,2.9
390,3.73333
391,3.86667
392,3.56667
393,3.8
394,3.83333
395,3.43333
396,3.43333
397,3.43333
398,3.33333
399,3.3
400,3.6
401,3.1
402,3.8
403,3.26667
404,4
405,3.6
406,3.4
407,3.43333
408,3.5
409,3.9
410,4.16667
411,3.46667
412,3.33333
413,3.83333
414,3.63333
415,3.53333
416,3.16667
417,3.53333
418,3.63333
419,3.96667
420,3.1
421,3.43333
422,3.4
423,2.93333
424,3.4
425,3.76667
426,3.46667
427,3.06667
428,4.2
429,3.66667
430,3.36667
431,3.36667
432,3.23333
433,4.23333
434,3.4
435,3.7
436,3.46667
437,3.7
438,3.13333
439,3.33333
440,3.8
441,2.63333
442,3.4
443,3.66667
444,3.73333
445,3.53333
446,3.6
447,3.66667
448,3.7
449,4
450,3.23333
451,3.73333
452,3.8
453,3.76667
454,4.06667
455,3.8
456,3.56667
457,3.53333
458,3.63333
459,3.3
460,2.73333
461,3.63333
462,3.66667
463,3.23333
464,3.4
465,3.93333
466,3.46667
467,3.96667
468,3.56667
469,3.16667
470,3.23333
471,3.6
472,3.83333
473,3.8
474,2.73333
475,3
476,3.6
477,4.1
478,3.7
479,3.13333
480,3.2
481,3.36667
482,3.46667
483,3.7
484,3.1
485,2.96667
486,3.03333
487,3.3
488,3.4
489,3.3
490,3.56667
491,3.66667
492,3.03333
493,3.83333
494,3.06667
495,4.06667
496,3.66667
497,3.1
498,3.43333
499,3.06667
500,3.33333
501,3.5
502,3.46667
503,3.23333
504,3.46667
505,2.66667
506,3.76667
507,3.5
508,3.6
509,3.5
510,3.4
511,3.2
512,3.66667
513,3.4
514,3.43333
515,3.53333
516,3.5
517,3.53333
518,3.36667
519,3.5
520,3.3
521,3.53333
522,3.4
523,3.96667
524,4
525,3.36667
526,3.53333
527,3.06667
528,3.63333
529,2.8
530,3.66667
531,2.93333
532,3.56667
533,3.33333
534,3.66667
535,3.53333
536,3.9
537,3.63333
538,4.16667
539,3.23333
540,3.66667
541,3.7
542,3.26667
543,3.46667
544,3.6
545,3.96667
546,3.9
547,4
548,3.16667
549,3.5
550,3.26667
551,3.4
552,4.16667
553,3.36667
554,3.43333
555,3.3
556,3.56667
557,3.7
558,3.56667
559,3.46667
560,3.36667
561,3.2
562,3.66667
563,3.56667
564,2.86667
565,3.6
566,3.43333
567,3.43333
568,3.16667
569,3.7
570,3.23333
571,3.6
572,3.8
573,3.9
574,3.16667
575,3.06667
576,3.46667
577,3.13333
578,3.16667
579,3.16667
580,3.3
581,3.73333
582,3.2
583,3.83333
584,3.8
585,3.16667
586,3.86667
587,3.3
588,4
589,3
590,3.7
591,3.33333
592,3.36667
593,3.73333
594,3.43333
595,3.46667
596,3.76667
597,3.96667
598,4.03333
599,3.56667
600,3.7
601,3.2
602,3.43333
603,3.63333
604,3.66667
605,3.76667
606,3.6
607,3.7
608,3.43333
609,3.03333
610,3.53333
611,3.46667
612,3.6
613,3.16667
614,3.7
615,3.2
616,3.6
617,3.46667
618,3.56667
619,3.33333
620,3.76667
621,3.6
622,3.53333
623,3.43333
624,3.1
625,3.7
626,3.23333
627,3.83333
628,3.63333
629,3.7
630,3.56667
631,3.16667
632,3.6
633,3.43333
634,3.86667
635,3.83333
636,4.3
637,3.9
638,3.36667
639,2.96667
640,3.46667
641,4
642,3.46667
643,3.33333
644,2.8
645,3.23333
646,3.23333
647,3.5
648,3.66667
649,4.1
650,3.76667
651,3.1
652,3.96667
653,3.16667
654,3.83333
655,3.43333
656,4.23333
657,3.46667
658,3.5
659,3.5
660,3.26667
661,3.2
662,3.86667
663,3.53333
664,3.53333
665,3.43333
666,3.6
667,3.3
668,3.36667
669,3.4
670,3.66667
671,3.16667
672,3.33333
673,3.7
674,3.6
675,3.66667
676,3.96667
677,2.96667
678,3.53333
679,3.66667
680,3.63333
681,2.96667
682,3.36667
683,2.86667
684,4.16667
685,3.63333
686,3.2
687,3.7
688,3.7
689,3.73333
690,3.8
691,3.2
692,3.83333
693,3.16667
694,3.46667
695,3.36667
696,3.83333
697,4.16667
698,4.1
699,3.83333
700,3.16667
701,3.66667
702,3.56667
703,3.66667
704,3.5
705,3.13333
706,3.43333
707,3.66667
708,3.7
709,3
710,3.23333
711,3.43333
712,4.1
713,3.73333
714,3.93333
715,3.06667
716,3.36667
717,3.63333
718,3.2
719,3.76667
720,4
721,3.6
722,3.23333
723,3.5
724,3.36667
725,3.3
726,3.7
727,3.4
728,3.26667
729,3.36667
730,3.76667
731,2.96667
732,3.53333
733,3.26667
734,3.33333
735,3.43333
736,3.86667
737,3.26667
738,3.53333
739,3.53333
740,3.2
741,4.16667
742,3.1
743,3.4
744,3.23333
745,3.56667
746,3.8
747,3.86667
748,3.7
749,3.63333
750,3.5
751,3.26667
752,3.5
753,4.1
754,3.33333
755,3.8
756,3.8
757,3
758,3.1
759,3.43333
760,3.16667
761,3.46667
762,3.56667
763,3.6
764,3.66667
765,3.8
766,3.46667
767,3.33333
768,4
769,3.76667
770,4.06667
771,3.36667
772,3.53333
773,3.76667
774,3.73333
775,3.2
776,3.06667
777,3.46667
778,3.6
779,3.43333
780,3.13333
781,3.63333
782,3
783,3.46667
784,3.66667
785,3.2
786,3.7
787,3.16667
788,3.5
789,4
790,3.73333
791,3.56667
792,3.63333
793,3.5
794,3.4
795,3.2
796,3.73333
797,3.23333
798,3.8
799,3.33333
800,3.63333
801,3.3
802,3.23333
803,3.93333
804,3.26667
805,3.46667
806,3.23333
807,3.4
808,3.9
809,3.83333
810,3.03333
811,3.23333
812,3.33333
813,3.26667
814,3.16667
815,3.13333
816,3.53333
817,2.9
818,3.73333
819,3.5
820,3.2
821,3.16667
822,3.6
823,3.43333
824,3.33333
825,3.5
826,3.5
827,3.4
828,3.2
829,4.03333
830,4.03333
831,3.36667
832,3.63333
833,2.93333
834,3.76667
835,3.76667
836,4.06667
837,3.4
838,3.6
839,3.7
840,3.3
841,3.56667
842,3.36667
843,4.03333
844,3.6
845,3.96667
846,3.06667
847,3.4
848,3.36667
849,3.73333
850,3.73333
851,3.93333
852,3.26667
853,3.33333
854,3.1
855,3.53333
856,3.83333
857,4.2
858,3.2
859,3.86667
860,3.66667
861,3.26667
862,2.86667
863,3.56667
864,3.5
865,3.6
866,3.46667
867,3.1
868,3.56667
869,3.83333
870,3.43333
871,3.5
872,3.66667
873,4.03333
874,3.46667
875,3.56667
876,3.66667
877,3.13333
878,3.86667
879,2.8
880,3.73333
881,4.06667
882,4.13333
883,3.6
884,3.5
885,3.73333
886,3.73333
887,3.23333
888,3.56667
889,4
890,3.73333
891,3.73333
892,3.5
893,4.16667
894,3.7
895,3.23333
896,3.73333
897,3.33333
898,3.6
899,3.26667
900,3.23333
901,3.56667
902,3.3
903,3.53333
904,3.56667
905,3.66667
906,3.13333
907,3.6
908,4.1
909,3.36667
910,3.4
911,4.06667
912,3.5
913,3.33333
914,3.7
915,3.06667
916,3.4
917,3.23333
918,3.33333
919,3.2
920,3.86667
921,3.16667
922,3.6
923,3.2
924,3.36667
925,4
926,3.7
927,3.5
928,3.6
929,3.26667
930,3.76667
931,3.26667
932,3.16667
933,3.9
934,3.26667
935,3.36667
936,3.5
937,3.13333
938,3.96667
939,3.5
940,3.6
941,3.36667
942,3.46667
943,3.16667
944,3.4
945,3.26667
946,3.6
947,3.26667
948,3.63333
949,3.53333
950,3.43333
951,3.36667
952,3.33333
953,3.66667
954,3.06667
955,4.03333
956,3.83333
957,3.76667
958,3.46667
959,3.43333
960,3.33333
961,3.8
962,3.43333
963,3.46667
964,3.53333
965,3.43333
966,3.9
967,3.6
968,3.53333
969,3.36667
970,3.06667
971,3.6
972,3.73333
973,2.96667
974,4.06667
975,3.66667
976,3.7
977,3.33333
978,3.83333
979,3.2
980,3.26667
981,3.46667
982,3.9
983,3.7
984,3.56667
985,3.63333
986,2.96667
987,3.63333
988,3.83333
989,3.33333
990,3.5
991,3.9
992,3.86667
993,3.16667
994,3.4
995,3.43333
996,3.03333
997,3.4
998,3.53333
999,3.5
1000,3.4
