trailNum, meanOfTrial
1,3.6
2,2.8
3,4
4,3.2
5,2.8
6,3.4
7,3.8
8,4.2
9,3.2
10,3
11,4.8
12,4.2
13,3.8
14,3.2
15,3.6
16,4.4
17,4.6
18,2.6
19,3
20,4.4
21,4
22,2.6
23,4.6
24,3
25,3
26,3
27,4.2
28,2.2
29,2.8
30,3.4
31,3.6
32,3.6
33,4.6
34,3.4
35,3.8
36,3.6
37,3.8
38,3.2
39,2.4
40,3.6
41,4.2
42,3.6
43,3.6
44,4.6
45,4
46,3.2
47,3.8
48,2.2
49,4.4
50,3.2
51,2.8
52,1.8
53,3
54,3.2
55,4.8
56,2.6
57,3.6
58,3.8
59,2.6
60,4
61,3.6
62,4
63,4.2
64,4.4
65,4.2
66,3.4
67,2.4
68,3
69,4
70,2.2
71,3.6
72,4.2
73,3.8
74,2.2
75,4
76,2.6
77,3.4
78,4.2
79,3.2
80,5.4
81,4.2
82,4.2
83,3.8
84,3
85,3
86,3.6
87,3.8
88,3
89,2.8
90,4.8
91,2.8
92,2
93,5
94,4.2
95,4
96,2.8
97,3.2
98,4.4
99,4
100,5
101,2.8
102,4.4
103,4.2
104,3.8
105,3.8
106,3.2
107,2.8
108,3.8
109,4.6
110,3
111,3.8
112,2.4
113,2.8
114,3.6
115,2.8
116,2.2
117,3.8
118,3
119,4
120,2.4
121,4.6
122,3
123,3.8
124,2
125,4.8
126,3.8
127,2.8
128,3.6
129,4.2
130,4
131,4.6
132,3.8
133,3.8
134,4.6
135,1.8
136,3.8
137,4.6
138,2.8
139,2.2
140,2.4
141,4.6
142,2
143,4.6
144,1.8
145,3.4
146,3.4
147,5
148,4.4
149,2.4
150,2.2
151,3.2
152,3.6
153,4.6
154,4
155,2.2
156,4.2
157,3.8
158,2
159,4
160,3
161,4.8
162,3.2
163,3.8
164,3.8
165,4.2
166,3.6
167,2.6
168,3.4
169,3
170,3.4
171,3.4
172,3.8
173,4
174,4.8
175,4
176,4.2
177,4.4
178,3.6
179,3.6
180,3
181,4.2
182,4
183,2.4
184,4.2
185,2.8
186,2.4
187,4.2
188,3
189,4
190,2
191,2
192,4.4
193,2.8
194,3
195,3.2
196,3.2
197,4
198,3.4
199,4
200,3
201,4
202,3.2
203,2.4
204,2
205,3.2
206,5.4
207,3.4
208,3.6
209,3.4
210,4.4
211,3.6
212,4.2
213,4.2
214,3.6
215,3.8
216,3.2
217,3.4
218,3
219,3.2
220,4.8
221,3
222,2.4
223,4.2
224,3.6
225,4.2
226,3.6
227,2.6
228,2.4
229,3.4
230,4
231,3.8
232,3.8
233,3.2
234,3.6
235,2.4
236,3.6
237,5
238,3.8
239,3.8
240,2.6
241,3.6
242,2.8
243,3.6
244,4.2
245,3.4
246,2.8
247,4.4
248,3.6
249,3.4
250,3.4
251,4
252,4.6
253,3.6
254,5
255,2.6
256,3.2
257,3.8
258,3.8
259,2.4
260,4
261,3.2
262,2.8
263,3.6
264,4.6
265,2.8
266,2.6
267,3.4
268,3.2
269,3.8
270,2.4
271,3.8
272,3.4
273,2.4
274,4
275,4.6
276,3.4
277,2.8
278,3.8
279,3.6
280,2.6
281,2.6
282,3.4
283,4.6
284,3.2
285,4
286,4.2
287,3.4
288,4
289,4
290,2
291,3.8
292,2.6
293,3.2
294,3.6
295,3.8
296,2.4
297,3.2
298,3.2
299,2.2
300,3.6
301,2.8
302,4.2
303,3
304,4.8
305,3.6
306,3.4
307,2.6
308,3.2
309,2.8
310,2.2
311,4.2
312,4.2
313,3.8
314,3.8
315,3.8
316,4.2
317,4.6
318,4.2
319,4.8
320,4.8
321,4
322,2.4
323,5.2
324,4
325,3.2
326,3
327,3.6
328,3
329,4.2
330,2.8
331,2
332,2.6
333,3.4
334,3.6
335,4.2
336,1.4
337,4.4
338,2.6
339,3
340,4.2
341,4
342,2
343,4.2
344,3.6
345,5
346,3.4
347,2
348,3.6
349,3
350,3.8
351,3.8
352,3
353,2.8
354,3.8
355,2.8
356,4
357,4
358,4.6
359,3.6
360,5
361,2.8
362,3
363,3.8
364,4
365,4.2
366,3.2
367,5
368,3.6
369,3.4
370,2.8
371,3.8
372,3.6
373,2.8
374,4.8
375,3.6
376,2.6
377,2.8
378,3.4
379,3.8
380,3.8
381,3.8
382,3.4
383,3
384,4.2
385,3.4
386,3.2
387,4.4
388,3.2
389,3.4
390,3.4
391,3.2
392,2
393,2
394,3.4
395,2.8
396,5.2
397,5
398,3.4
399,3.6
400,3.2
401,3.8
402,2.2
403,3.2
404,4
405,3.2
406,3.4
407,2.6
408,3.8
409,4
410,3
411,4
412,2.6
413,4.8
414,3
415,3.8
416,3.8
417,3.6
418,4.2
419,2.8
420,2.6
421,4.8
422,3
423,4
424,4.8
425,2.6
426,2.4
427,3.2
428,4.4
429,1.4
430,2.4
431,3.8
432,3.4
433,4.8
434,3.4
435,4.4
436,3.8
437,3.2
438,2.8
439,1.8
440,4
441,4.4
442,5
443,4.2
444,4
445,3.6
446,2
447,4.6
448,4.6
449,2.8
450,2.8
451,3.6
452,4
453,4
454,2.6
455,2.8
456,2.4
457,3.8
458,4.2
459,3
460,2.6
461,2.6
462,3.2
463,3.6
464,3.6
465,4
466,3.6
467,3
468,4.4
469,3.2
470,2
471,4.4
472,4.4
473,2.8
474,3.8
475,4.6
476,3.4
477,1.8
478,4
479,4.6
480,2.6
481,2.6
482,3.4
483,4.2
484,3
485,3.2
486,3.6
487,4.2
488,4.2
489,4.2
490,3
491,3.2
492,3.4
493,3.8
494,3.4
495,3.2
496,3.8
497,3.8
498,3.4
499,3.6
500,3.2
501,2.4
502,2.6
503,1.6
504,3.6
505,4
506,4.8
507,4.6
508,3.4
509,4.8
510,4
511,2.4
512,3
513,3.8
514,4
515,3
516,2.6
517,4.2
518,4.4
519,3
520,4.6
521,3
522,3.8
523,3.6
524,4.4
525,2.8
526,3.4
527,4.6
528,3.4
529,2.4
530,3.4
531,4.4
532,3
533,5.4
534,5
535,2.4
536,2.8
537,4.6
538,4.4
539,2.4
540,2.4
541,4.4
542,4
543,2.6
544,3.8
545,3.4
546,3.4
547,4.4
548,4.4
549,4.6
550,3.4
551,3.2
552,3
553,3.2
554,3.4
555,4.2
556,3.8
557,3
558,2.4
559,1.8
560,1.4
561,1.8
562,2.2
563,4.2
564,2.8
565,4
566,3.4
567,3
568,2.2
569,3.2
570,4.8
571,1.8
572,3.2
573,3.4
574,2.8
575,2.4
576,4.6
577,3.6
578,3.2
579,3.8
580,3.6
581,3.2
582,2.4
583,4.2
584,2.8
585,4.4
586,4.2
587,3
588,4.2
589,2.6
590,4.2
591,4.4
592,4
593,3.2
594,5
595,3.2
596,4.4
597,3
598,3.2
599,3.6
600,3.2
601,3.2
602,2.8
603,3.6
604,5
605,3.8
606,2.6
607,3.4
608,2.6
609,3.6
610,2.6
611,3.6
612,4.6
613,2.4
614,4
615,2.8
616,3.4
617,3.6
618,3.6
619,3.8
620,3.2
621,4.2
622,3
623,3.6
624,4
625,3
626,2.8
627,3.4
628,3.8
629,3.2
630,2.6
631,4.8
632,3.6
633,3.2
634,4.4
635,4.2
636,4
637,3.8
638,3.2
639,4
640,3.8
641,3.6
642,3
643,3.6
644,4
645,4.2
646,4.2
647,3.2
648,2.4
649,4.4
650,3
651,4.8
652,3
653,3
654,3.8
655,2.2
656,3.2
657,3.2
658,3.2
659,3.4
660,3.4
661,2.4
662,3.4
663,3.8
664,4.8
665,2.4
666,4.2
667,4
668,1.8
669,2.4
670,2.8
671,3.2
672,3.6
673,3.2
674,2.8
675,3.2
676,3.8
677,3
678,3
679,3.8
680,3.8
681,3.8
682,3.2
683,3.8
684,4
685,3
686,4.4
687,4.2
688,2.2
689,3
690,4.4
691,2.4
692,2.2
693,4
694,4
695,2.4
696,3.2
697,2.4
698,3
699,2.2
700,2.6
701,3.8
702,4
703,3.4
704,4.4
705,2.8
706,2.6
707,3
708,3.6
709,2.8
710,2
711,2.8
712,3.4
713,2.4
714,3.8
715,4
716,3.6
717,5
718,4.6
719,5.2
720,4.4
721,3.4
722,4.8
723,3.8
724,3.6
725,3.8
726,3.4
727,4.2
728,4.8
729,4.4
730,2.2
731,4.2
732,4.2
733,3.8
734,4.2
735,3.8
736,3.4
737,2.8
738,3.2
739,2.8
740,3.2
741,3.6
742,3.4
743,2.8
744,4.2
745,4.6
746,4
747,2.6
748,2.8
749,2.8
750,5
751,4.4
752,3.6
753,3
754,3.2
755,3.6
756,3.6
757,2.6
758,3.6
759,4
760,4.8
761,4.8
762,3.8
763,4.8
764,3.8
765,2.2
766,2.8
767,3
768,4.2
769,3.6
770,3.4
771,3.8
772,4.4
773,3.4
774,3.6
775,3.6
776,3.6
777,3.6
778,4.6
779,4.2
780,4.8
781,2.6
782,3.4
783,3.8
784,3.8
785,3.2
786,2.8
787,4.2
788,3
789,3.6
790,3.2
791,2.4
792,4
793,3.8
794,3.2
795,3
796,2.8
797,3.8
798,3.8
799,2.2
800,3.4
801,3.6
802,3.2
803,2.8
804,3.4
805,3.8
806,1.4
807,4.4
808,4
809,4.2
810,3
811,3.4
812,3.4
813,3.2
814,4.8
815,3.8
816,4
817,3.2
818,4
819,2.8
820,3.4
821,3
822,4
823,4.2
824,4.4
825,2.6
826,3.2
827,3.6
828,3
829,4
830,3.6
831,3.6
832,1.4
833,2.4
834,3.4
835,4.8
836,3.4
837,2.6
838,3.4
839,4.2
840,3.6
841,3
842,3.4
843,3.8
844,4
845,2.6
846,3.2
847,2
848,5
849,1.8
850,2.6
851,3.2
852,4.6
853,2.6
854,2.8
855,3
856,4
857,3.6
858,3.2
859,3.6
860,3.6
861,4
862,4
863,4
864,4.8
865,3.2
866,2.4
867,3.2
868,4.4
869,4
870,3.8
871,4.2
872,3.4
873,3.4
874,3.6
875,3.6
876,3.6
877,3.8
878,2.8
879,2.8
880,3.2
881,3.2
882,3.6
883,3.6
884,2.6
885,4.2
886,4
887,2.6
888,3.6
889,3.4
890,4.2
891,1.6
892,3
893,3.8
894,3.6
895,3.6
896,3.6
897,5
898,3.2
899,3.6
900,4.4
901,2.2
902,4.6
903,4
904,2
905,2.2
906,2.6
907,2.2
908,3.6
909,3.4
910,3.2
911,3.4
912,4.6
913,4.2
914,4.4
915,4.8
916,4.4
917,4.4
918,3.6
919,3.4
920,4.2
921,5
922,3
923,3.6
924,4.4
925,4.4
926,2.8
927,3.6
928,3.8
929,5.2
930,3.6
931,4
932,3.6
933,3.4
934,3.4
935,3.2
936,3.6
937,3.8
938,4.8
939,3.4
940,3.4
941,4.4
942,3.4
943,3.2
944,4.2
945,2.6
946,4
947,3.4
948,4.6
949,4.6
950,3.6
951,4.4
952,2.8
953,2
954,4.4
955,4
956,4
957,3.2
958,3.8
959,4.2
960,2.8
961,2.8
962,4
963,3.8
964,2.8
965,4.6
966,3.8
967,2.2
968,3
969,2.8
970,3.8
971,4.6
972,3.8
973,3.6
974,3.4
975,3.4
976,4.4
977,2.6
978,3
979,2.4
980,2.8
981,3.4
982,3
983,4.2
984,2.8
985,4.6
986,4.2
987,1.2
988,4.2
989,4.2
990,3.2
991,2.2
992,3.4
993,4.2
994,3.6
995,3
996,2.4
997,4.4
998,4
999,2.8
1000,3.8
